             o  ,    o  ,                                                                              Astronomical Applications Dept.
Location: E025 19, N54 42                          Rise and Set for the Sun for 2025                   U. S. Naval Observatory        
                                                                                                       Washington, DC  20392-5420     
                                                      Zone:  3h East of Greenwich                                                     
                                                                                                                                      
                                                                                                                                      
       Jan.       Feb.       Mar.       Apr.       May        June       July       Aug.       Sept.      Oct.       Nov.       Dec.  
Day Rise  Set  Rise  Set  Rise  Set  Rise  Set  Rise  Set  Rise  Set  Rise  Set  Rise  Set  Rise  Set  Rise  Set  Rise  Set  Rise  Set
     h m  h m   h m  h m   h m  h m   h m  h m   h m  h m   h m  h m   h m  h m   h m  h m   h m  h m   h m  h m   h m  h m   h m  h m
01  0942 1703  0908 1757  0808 1855  0651 1956  0540 2053  0449 2145  0447 2158  0529 2120  0626 2010  0721 1854  0822 1742  0918 1657
02  0941 1704  0906 1759  0806 1857  0648 1958  0537 2055  0448 2146  0447 2158  0531 2118  0628 2008  0723 1852  0824 1740  0920 1656
03  0941 1706  0904 1801  0803 1859  0646 1959  0535 2057  0447 2147  0448 2157  0533 2116  0630 2005  0725 1849  0826 1738  0921 1656
04  0941 1707  0903 1803  0801 1901  0643 2001  0533 2059  0447 2148  0449 2157  0535 2114  0631 2003  0727 1847  0828 1736  0923 1655
05  0940 1708  0901 1806  0758 1903  0641 2003  0531 2101  0446 2149  0450 2156  0536 2112  0633 2000  0729 1844  0830 1734  0924 1654
06  0940 1710  0859 1808  0756 1905  0638 2005  0529 2103  0445 2150  0451 2155  0538 2110  0635 1958  0731 1842  0832 1732  0926 1654
07  0939 1711  0857 1810  0753 1907  0636 2007  0527 2104  0444 2151  0452 2155  0540 2108  0637 1955  0733 1839  0834 1730  0927 1653
08  0939 1713  0855 1812  0751 1909  0633 2009  0525 2106  0444 2152  0453 2154  0542 2106  0639 1953  0734 1837  0836 1728  0928 1653
09  0938 1714  0853 1814  0748 1911  0631 2011  0523 2108  0443 2153  0454 2153  0544 2104  0641 1950  0736 1835  0838 1727  0929 1653
10  0937 1716  0851 1816  0746 1913  0628 2013  0521 2110  0443 2154  0456 2152  0545 2102  0642 1948  0738 1832  0840 1725  0931 1652
11  0936 1717  0849 1818  0743 1915  0626 2015  0520 2112  0442 2155  0457 2151  0547 2059  0644 1945  0740 1830  0842 1723  0932 1652
12  0936 1719  0847 1820  0741 1917  0623 2017  0518 2114  0442 2156  0458 2150  0549 2057  0646 1943  0742 1827  0844 1721  0933 1652
13  0935 1721  0844 1822  0738 1919  0621 2019  0516 2115  0442 2156  0459 2149  0551 2055  0648 1940  0744 1825  0846 1720  0934 1652
14  0934 1722  0842 1824  0736 1921  0618 2021  0514 2117  0441 2157  0501 2148  0553 2053  0650 1938  0746 1822  0848 1718  0935 1652
15  0933 1724  0840 1826  0733 1923  0616 2023  0512 2119  0441 2158  0502 2147  0554 2051  0652 1935  0748 1820  0850 1716  0936 1652
16  0932 1726  0838 1828  0731 1925  0614 2024  0511 2121  0441 2158  0503 2145  0556 2048  0653 1933  0750 1818  0852 1715  0937 1652
17  0930 1728  0836 1830  0728 1927  0611 2026  0509 2122  0441 2158  0505 2144  0558 2046  0655 1930  0752 1815  0853 1713  0937 1652
18  0929 1730  0834 1833  0726 1929  0609 2028  0507 2124  0441 2159  0506 2143  0600 2044  0657 1927  0754 1813  0855 1712  0938 1653
19  0928 1731  0831 1835  0723 1931  0607 2030  0506 2126  0441 2159  0508 2141  0602 2042  0659 1925  0756 1811  0857 1710  0939 1653
20  0927 1733  0829 1837  0721 1932  0604 2032  0504 2127  0441 2159  0509 2140  0604 2039  0701 1922  0758 1808  0859 1709  0939 1653
21  0925 1735  0827 1839  0718 1934  0602 2034  0503 2129  0441 2200  0511 2138  0606 2037  0703 1920  0800 1806  0901 1708  0940 1654
22  0924 1737  0824 1841  0716 1936  0600 2036  0501 2131  0442 2200  0512 2137  0607 2035  0704 1917  0802 1804  0903 1706  0940 1654
23  0923 1739  0822 1843  0713 1938  0557 2038  0500 2132  0442 2200  0514 2135  0609 2032  0706 1915  0804 1801  0905 1705  0941 1655
24  0921 1741  0820 1845  0711 1940  0555 2040  0458 2134  0442 2200  0516 2134  0611 2030  0708 1912  0806 1759  0906 1704  0941 1656
25  0920 1743  0817 1847  0708 1942  0553 2042  0457 2135  0443 2200  0517 2132  0613 2027  0710 1910  0808 1757  0908 1703  0942 1656
26  0918 1745  0815 1849  0706 1944  0551 2044  0456 2137  0443 2200  0519 2131  0615 2025  0712 1907  0810 1755  0910 1702  0942 1657
27  0917 1747  0813 1851  0703 1946  0548 2046  0455 2138  0444 2200  0521 2129  0617 2023  0714 1905  0812 1753  0912 1701  0942 1658
28  0915 1749  0810 1853  0701 1948  0546 2048  0453 2140  0444 2159  0522 2127  0618 2020  0716 1902  0814 1751  0913 1700  0942 1659
29  0913 1751             0658 1950  0544 2049  0452 2141  0445 2159  0524 2125  0620 2018  0717 1859  0816 1748  0915 1659  0942 1700
30  0912 1753             0656 1952  0542 2051  0451 2142  0446 2159  0526 2123  0622 2015  0719 1857  0818 1746  0917 1658  0942 1701
31  0910 1755             0653 1954             0450 2144             0527 2122  0624 2013             0820 1744             0942 1702

Add one hour for daylight time, if and when in use.